,load,tput
0,0.1,0.0991556815616049
1,0.2,0.2020952927932035
2,0.30000000000000004,0.28907684893581254
3,0.4,0.36573851880098085
4,0.5,0.4275222011371529
5,0.6,0.4266874886391895
6,0.7000000000000001,0.4986534758254778
7,0.8,0.48447016837267054
8,0.9,0.5563833924480465
9,1.0,0.5689515760713663
10,1.1,0.5557205645484704
11,1.2000000000000002,0.5979221176940601
12,1.3000000000000003,0.5978889256655464
13,1.4000000000000001,0.6375444742384926
14,1.5000000000000002,0.6334462602032833
15,1.6,0.6191411553395287
16,1.7000000000000002,0.6004519620170091
17,1.8000000000000003,0.6138238149603787
18,1.9000000000000001,0.6622326880839589
19,2.0,0.6774796751249499
20,2.1,0.6775757304212877
21,2.2,0.6651745493951641
22,2.3000000000000003,0.6841750995555822
23,2.4000000000000004,0.6693387845386778
24,2.5000000000000004,0.661248626354842
25,2.6,0.7123478205333897
26,2.7,0.6956930789770903
27,2.8000000000000003,0.7345007709908589
28,2.9000000000000004,0.7343742897827978
29,3.0000000000000004,0.757186772134259
30,3.1,0.7147858877800423
31,3.2,0.7664906304104165
32,3.3000000000000003,0.7634266485672929
33,3.4000000000000004,0.7818992497496143
34,3.5000000000000004,0.7840803197359684
35,3.6,0.770447505727742
36,3.7,0.7996364550062615
37,3.8000000000000003,0.7515902462267092
38,3.9000000000000004,0.7897450835600758
39,4.0,0.7615733743766658
40,4.1,0.7826846410910531
41,4.2,0.782737234166013
42,4.3,0.7656567256407358
43,4.3999999999999995,0.7792404599364529
44,4.5,0.7645450439435034
45,4.6,0.7736519617910613
46,4.7,0.7615114630755138
47,4.8,0.7271861767224402
48,4.9,0.7490655701066634
49,5.0,0.7421481711456266
50,5.1,0.755429562558805
51,5.2,0.7337554498912696
52,5.3,0.7237047020628387
53,5.4,0.7059476782335355
54,5.5,0.7213550919474447
55,5.6,0.7296413232059696
56,5.7,0.7247657486743256
57,5.8,0.7180413664289922
58,5.9,0.6942630361311276
59,6.0,0.7141321305160677
60,6.1,0.6613181093108482
61,6.2,0.7206583405137417
62,6.3,0.6810190470321319
63,6.4,0.667291897891232
64,6.5,0.6974431421014478
65,6.6,0.6828335297541331
66,6.7,0.6854416205639345
67,6.8,0.6787970675359772
68,6.9,0.6753477896366545
69,7.0,0.6658884168020247
70,7.1,0.6906872293519336
71,7.2,0.6757630615571792
72,7.3,0.6509563795411557
73,7.4,0.6492359168744442
74,7.5,0.6623130752316367
75,7.6,0.6811175326839092
76,7.7,0.6099201993099419
77,7.8,0.6767287051572767
78,7.9,0.6198365239740949
79,8.0,0.6437575637931482
80,8.1,0.6596593633669092
81,8.2,0.6173750527963267
82,8.3,0.6371000393098546
83,8.4,0.6238069321801832
84,8.5,0.6569768617638269
85,8.6,0.6204492492989669
86,8.7,0.6314420129270225
87,8.8,0.6096222469065026
88,8.9,0.6267909779144283
89,9.0,0.5823876662031825
90,9.1,0.6325803393996814
91,9.2,0.6089495247811729
92,9.3,0.6172849159113601
93,9.4,0.625738585767469
94,9.5,0.600687949687171
95,9.6,0.6289122264306796
96,9.700000000000001,0.6152676463652075
97,9.8,0.591746262782598
98,9.9,0.5856970669509368
