,load,tput
0,0.1,0.10386961177628629
1,0.2,0.18675552194929812
2,0.30000000000000004,0.273792202231214
3,0.4,0.34245703582575626
4,0.5,0.3396481780829152
5,0.6,0.39488801240471927
6,0.7000000000000001,0.39419326358297335
7,0.8,0.36698679217036495
8,0.9,0.3546431464271445
9,1.0,0.4143729939763544
10,1.1,0.3763734225128528
11,1.2000000000000002,0.33583730962020436
12,1.3000000000000003,0.3780641685978878
13,1.4000000000000001,0.4170194747780955
14,1.5000000000000002,0.3463054831156191
15,1.6,0.29673976513682393
16,1.7000000000000002,0.3034501499250375
17,1.8000000000000003,0.2948044148833623
18,1.9000000000000001,0.2933874184698656
19,2.0,0.3363122090327973
20,2.1,0.2902299579505462
21,2.2,0.3343510643123646
22,2.3000000000000003,0.26415306915306913
23,2.4000000000000004,0.2792076911736355
24,2.5000000000000004,0.2979594347860602
25,2.6,0.25374794452193833
26,2.7,0.23350517129928897
27,2.8000000000000003,0.26989898989898997
28,2.9000000000000004,0.2737506645401383
29,3.0000000000000004,0.2255444555444556
30,3.1,0.21014818514818515
31,3.2,0.21753066378066377
32,3.3000000000000003,0.1951689976689977
33,3.4000000000000004,0.18765151515151515
34,3.5000000000000004,0.25407925407925414
35,3.6,0.2883727383727384
36,3.7,0.18616605616605617
37,3.8000000000000003,0.21536158286158286
38,3.9000000000000004,0.2094910644910645
39,4.0,0.12701881451881453
40,4.1,0.17746031746031743
41,4.2,0.21384032634032635
42,4.3,0.22272005772005773
43,4.3999999999999995,0.13456349206349205
44,4.5,0.11735209235209236
45,4.6,0.1668803418803419
46,4.7,0.17138888888888887
47,4.8,0.17921717171717172
48,4.9,0.11535714285714285
49,5.0,0.15458152958152957
50,5.1,0.1361904761904762
51,5.2,0.18492063492063487
52,5.3,0.13884920634920633
53,5.4,0.15365079365079365
54,5.5,0.16464285714285715
55,5.6,0.10607142857142857
56,5.7,0.11984126984126983
57,5.8,0.1444047619047619
58,5.9,0.11567460317460317
59,6.0,0.143015873015873
60,6.1,0.09579365079365079
61,6.2,0.1738095238095238
62,6.3,0.16702380952380952
63,6.4,0.07023809523809524
64,6.5,0.11428571428571428
65,6.6,0.11884920634920634
66,6.7,0.12674603174603175
67,6.8,0.12142857142857141
68,6.9,0.11107142857142857
69,7.0,0.1067965367965368
70,7.1,0.11523809523809522
71,7.2,0.14999999999999997
72,7.3,0.09285714285714285
73,7.4,0.09817460317460316
74,7.5,0.10952380952380951
75,7.6,0.11047619047619048
76,7.7,0.10785714285714285
77,7.8,0.15595238095238095
78,7.9,0.03333333333333333
79,8.0,0.07595238095238095
80,8.1,0.06999999999999999
81,8.2,0.09
82,8.3,0.08452380952380953
83,8.4,0.1019047619047619
84,8.5,0.08095238095238096
85,8.6,0.12333333333333332
86,8.7,0.12095238095238095
87,8.8,0.047619047619047616
88,8.9,0.06999999999999999
89,9.0,0.09
90,9.1,0.10523809523809524
91,9.2,0.0676190476190476
92,9.3,0.08666666666666666
93,9.4,0.09333333333333334
94,9.5,0.13761904761904764
95,9.6,0.05333333333333333
96,9.700000000000001,0.05333333333333333
97,9.8,0.07428571428571429
98,9.9,0.10761904761904761
